-7.053298680632649E-8
-3.3627790776347116E-8
-7.030241429354135E-9
2.5836032737698384E-9
1.4345433691093458E-8
1.580964058248751E-8
1.3087423324310196E-8
2.023409100284767E-9
-3.2270085830452967E-8
-1.0486253249151884E-8
-3.202860294255686E-10
-1.2033988166472279E-8
-9.750352018310998E-10
-3.0394175122235987E-8
-4.0954712654985034E-8
-2.577729006536462E-8
-4.187082780056087E-8
-4.584380789964379E-8
-1.5614384218740465E-8
-1.8881351633293465E-8
8.191334440326439E-9
-2.9523335380662055E-9
-1.3060394904041765E-9
-4.1353736032711045E-8
-7.48129828285067E-8
-2.1316327857015967E-8
-1.3072725700089072E-8
1.529375813680347E-8
7.049533939764082E-10
7.373368814213738E-9
1.04830184376876E-8
3.5550040113254284E-8
-8.559517009628568E-9
-7.368941846552354E-9
-2.173838563137778E-9
4.679134035723795E-9
1.5502886497262603E-8
1.630894291141287E-8
1.8423065140549735E-8
1.881928895893894E-8
9.965804368655334E-9
2.113194596112572E-8
1.4240007359036358E-8
-1.2583745367870297E-8
-1.919028435330273E-8
-5.120012758215776E-8
-9.987180802439173E-8
-1.2014676994161638E-7
-1.1514761539161243E-7
-7.806260824067066E-8
-4.5802455790306454E-8
4.21602087682565E-8
2.1606110952920103E-8
-3.72164384923751E-8
-5.5726187315486125E-8
-8.720951610513214E-8
-1.0849388727503961E-7
-3.949862486419509E-8
-4.240296216589428E-8
4.6595819988878416E-9
-4.370439698281336E-9
1.3521253599066157E-8
2.7561075154416252E-9
2.5614740138499884E-8
1.0749171053757393E-8
1.0749171053757392E-18
1.0749171053757391E-28
1.912777254860426E-9
9.664558761591327E-9
1.7718357730199878E-8
2.5870922968306945E-8
3.549592387027728E-8
2.3433403856814608E-8
8.023232173380884E-9
8.354027359552326E-10
-1.786122582526868E-8
-4.2596358146434455E-8
-7.775756016878796E-8
-9.358416934984378E-8
-1.1154433708861414E-7
-1.2324890132735833E-7
-1.9641850692484953E-7
-2.2310439294250942E-7
-1.0502238823350507E-8
3.508621047570811E-8
-4.020235221076252E-8
-6.126299862257274E-8
-1.0386808650811394E-7
-1.357505415257337E-7
-1.201568318908754E-7
-4.0085331021621165E-8
-9.086338746621425E-12
-8.51498207406214E-9
5.541415451143515E-11
-1.6342776961090237E-10
1.7945160580390414E-8
-1.1284088371016131E-8
-5.989334217916141E-10
-5.989334217916142E-20
-5.989334217916142E-30
4.0268994839166865E-10
1.5906252961511182E-8
1.579681187486745E-8
3.304492380840802E-8
3.197084645386778E-8
-6.888632763231529E-9
-3.4017335395012866E-8
-3.36217529816596E-8
-5.994477213815414E-8
-4.562069623706572E-8
-6.694261606042839E-8
-1.256437664123627E-7
-1.857946355438071E-7
-1.9855842262358573E-7
-1.6020897258578854E-7
-6.953992695338655E-8
-7.534096629584962E-8
-1.4367636346759937E-7
-1.0826334536397837E-7
-6.839374332720577E-8
-6.643067625871298E-8
-1.4586198809720843E-7
-6.119480518123372E-8
-8.492774083147281E-9
-8.627979068650872E-9
-1.6881970965434897E-8
-2.215264706383333E-9
7.485620660922391E-9
-1.847418646026201E-8
-8.972769262773421E-9
-6.1889786810837325E-9
-6.1889786810837325E-19
-6.188978681083733E-29
7.44976404524587E-9
4.127571971759581E-9
4.2593085013165996E-9
-1.0694238510254298E-8
-6.81490924282823E-8
-7.94146133918146E-8
-1.2324203205996924E-7
-1.4943628478174197E-7
-2.0057501447162152E-7
-3.8446320670610797E-7
-4.655970011539321E-7
-3.6408621788237954E-7
-2.682184713396097E-7
-3.168319536104196E-7
-3.9833850390583517E-7
-2.9419090112035767E-7
-1.342756647828351E-7
-1.7564334780947667E-7
-5.53005214760192E-8
4.557125122189872E-8
-5.01649312971266E-8
-1.0388029115427854E-7
-2.206767376054709E-8
-2.994618875209764E-9
-3.0531740143503536E-8
-2.5559008325947327E-8
1.1716349197956579E-8
-1.0757020607204751E-8
-6.784265972120313E-9
-7.586489995745694E-9
-7.586489995745694E-19
-7.586489995745694E-29
-7.586489995745694E-39
-7.586489995745696E-49
-4.481009857431998E-9
-5.951444605791515E-8
-1.1803740905238196E-7
-1.053221703213322E-7
-1.6699509285782088E-7
-1.954846188829331E-7
-3.8971564541931683E-7
-5.253262486576785E-7
-4.970375180631069E-7
-3.96929821477793E-7
-5.677643008952553E-7
-7.515871419810007E-7
-6.372087079703359E-7
-3.812085560281759E-7
-3.494416311627103E-8
6.912492713463456E-10
1.1858054242381184E-7
2.053127372169424E-7
5.387842557838883E-8
2.2975410689173035E-8
8.696707051577798E-8
1.5787758049050326E-8
-3.250900502092289E-8
-5.13499425045769E-8
-4.84638456122202E-9
-2.4383418913891215E-8
-2.4383418913891216E-18
-2.438341891389122E-28
4.407998553583976E-9
2.9052717743938747E-9
-1.3668266515237247E-9
2.5137613675503946E-10
3.666226270734767E-9
-5.565370459876601E-8
-2.1703135524375805E-7
-2.7739024246287174E-7
-1.8701483444805533E-7
-2.510246782518596E-7
-5.489834342750418E-7
-3.9805428505593067E-7
-5.45153593628574E-7
-7.270629623577413E-7
-1.3842413148429803E-6
-1.4537782139162588E-6
-1.0292398656426997E-6
-5.78595527371425E-7
-5.41640340511795E-7
-3.585144839347659E-7
-8.69863362407529E-8
2.3896477788325E-7
3.4672675857509786E-8
5.406317753611292E-9
1.2061201826156248E-7
-8.52187806354008E-9
-6.599030859340651E-8
-5.9075103632574165E-8
-1.1826536210076835E-8
-1.1925426380628465E-8
-3.3910246171593725E-9
1.464722649413764E-8
4.7160637001751043E-8
3.515438789162326E-8
1.8648144802979943E-10
2.865752321823742E-9
-2.618092159202548E-8
-1.4261956509468762E-7
-3.2479625186272593E-7
-2.2647455829987627E-7
-2.24445745666235E-7
-4.7136640687210746E-7
-4.658264325980565E-7
-5.25646121450854E-7
-8.109305543515255E-7
-1.0668182379077835E-6
-1.6133705366193508E-6
-1.885782083565525E-6
-1.7125195570943072E-6
-1.2569441923610728E-6
-1.1057154818736215E-6
-6.173714648936173E-7
-2.1067155832955056E-7
2.5161027676093476E-7
1.1310122874293439E-7
-9.805502228954265E-8
1.4246250443375398E-7
1.3017616290037043E-8
-1.0508761684780963E-7
-7.148105795984478E-8
-3.587479633958204E-8
-1.477407124234991E-8
7.968001290969131E-9
3.0292684439392846E-8
6.966241562379487E-8
9.624001406014661E-8
1.0021690449909063E-7
9.368579146332969E-8
2.3955002647387996E-9
-2.1536824421037454E-7
-3.27993506502902E-7
-1.3995411395650743E-7
-3.878036441242214E-7
-7.350546996070694E-7
-7.469955892119192E-7
-8.094003874297332E-7
-1.1038882492570383E-6
-1.4989104326499755E-6
-2.034031322905726E-6
-2.476185158362331E-6
-2.0948167516201363E-6
-1.965624441031013E-6
-1.6640864562385074E-6
-9.444756901039495E-7
-1.4254011501975924E-7
3.698442256174553E-7
1.9387002900840577E-7
-7.398712241307246E-8
1.6443127000252486E-8
-1.0017148431263649E-7
-1.594212730171952E-7
-5.193106954474409E-8
-3.189819599519462E-8
-8.990045109548777E-9
9.227414111419794E-9
1.756344061580395E-8
3.6451181932717716E-8
1.119124759699897E-7
2.2828496321872602E-7
1.963644523798551E-7
1.043408135503769E-8
-2.1053527425148256E-7
-3.048347623957462E-7
-2.94421517426964E-7
-7.778822302496552E-7
-1.005559991418671E-6
-9.090201729860114E-7
-1.0228387783240109E-6
-1.9029757110586315E-6
-2.3258121456848093E-6
-2.789886713052231E-6
-3.1396135329643927E-6
-2.641847930615979E-6
-2.6318991353358868E-6
-2.3159212008889975E-6
-1.6934405580775526E-6
-8.943769624395632E-7
-2.351869545382918E-7
6.981470509025253E-8
1.603663914008679E-7
8.422236399115562E-8
-3.0991565471944376E-7
-2.9583656697707095E-7
-4.9044891545584815E-8
1.0069993804665836E-8
3.5092237639954108E-9
3.509223763995411E-19
1.2082212972883538E-8
2.8537918682236478E-8
1.2622848875045865E-7
2.552290502502588E-7
2.0252204467944414E-7
2.5249691561167548E-8
-2.689080951934912E-7
-3.9206610513170637E-7
-3.668356707987175E-7
-8.921569671952409E-7
-9.972348874830434E-7
-1.1785914408632184E-6
-1.8076538027312012E-6
-2.754388827701936E-6
-3.072325224522633E-6
-3.3751241527478878E-6
-3.8536732049219825E-6
-3.6781576126518907E-6
-3.7662750208629236E-6
-3.7281352293883012E-6
-2.4315974034635512E-6
-1.2908057238691828E-6
-6.392635025237914E-7
-7.632143101667791E-8
1.6649179950604604E-7
1.2897005836058348E-7
-3.405733773695848E-7
-3.967306851787917E-7
-6.496262265255416E-8
5.695095764761342E-8
1.9618677544975233E-8
-7.981413967229499E-10
-1.1617052972553536E-8
2.7260789644413098E-8
3.1300459618278707E-7
4.016243432052058E-7
2.707572394559085E-7
1.4054208282237626E-7
-2.215555435258615E-7
-3.7835499674097983E-7
-5.451295618189857E-7
-9.062674436744549E-7
-1.3012314095272135E-6
-1.913750461521008E-6
-2.7266240100678316E-6
-3.584094125410201E-6
-3.6097942818584785E-6
-3.476806092576548E-6
-4.19119141873855E-6
-4.421702421015323E-6
-4.46408263954158E-6
-4.438281315059737E-6
-3.100900713500785E-6
-1.5881755596587907E-6
-8.635526061518568E-7
-5.173422250680102E-7
-6.161961471547213E-8
-5.613007506021603E-8
-2.8507256914035235E-7
-4.177790926783579E-7
-1.1953639335205772E-7
5.922986863502012E-8
4.118157132793527E-8
-1.1972120939090693E-9
1.037050174998312E-9
1.422175545663085E-7
5.35951010557278E-7
6.178754024245995E-7
4.917499566738718E-7
3.1930544837040054E-7
-9.059881435190253E-8
-2.6431535240745096E-7
-5.932695408518805E-7
-1.077601782827397E-6
-1.9125539321566696E-6
-2.776390265877005E-6
-3.4557442048130886E-6
-4.089733422037682E-6
-4.107452368625062E-6
-4.0736632084288706E-6
-4.613211477993027E-6
-4.638264244733566E-6
-5.1340798025602275E-6
-5.214888324323576E-6
-4.183347571044207E-6
-2.590841586696408E-6
-1.500457918320121E-6
-1.062531220426217E-6
-4.0252124809877787E-7
-3.757671859838698E-7
-2.908411638162064E-7
-3.1282763785632954E-7
-1.3597614205083403E-7
6.499542558511867E-8
3.890211558432931E-8
2.5062956881399557E-9
5.695906594922201E-8
2.6239477748902613E-7
4.703014292993654E-7
5.519460744438368E-7
6.945637372416496E-7
7.798631774871658E-7
3.044284772276624E-7
-1.4321300764374644E-7
-3.308581587943881E-7
-1.1103200654346698E-6
-2.10293324740826E-6
-3.209304967715766E-6
-3.675619903521629E-6
-3.872528781095145E-6
-4.2421737894375945E-6
-4.251854387018488E-6
-4.362083064649282E-6
-4.6310692091576185E-6
-5.615501462774722E-6
-5.505203034144379E-6
-4.743611264455497E-6
-3.394815635954681E-6
-2.0035052602665655E-6
-1.3330093536305857E-6
-6.990292404747133E-7
-7.769377804380095E-7
-3.883185992155703E-7
-3.6630266636574954E-7
-1.2421178477883683E-7
4.6098221592136105E-8
1.1104683340465901E-8
3.0862670938308434E-8
1.204246717926157E-7
3.0369092039887823E-7
3.892446670532511E-7
6.118604042689376E-7
8.660900029551559E-7
1.2245446786329513E-6
7.17549749812388E-7
2.7643627364062403E-7
-7.922264493234585E-8
-1.067913791817763E-6
-2.0350533564245316E-6
-3.226006157023011E-6
-3.5972578917452582E-6
-4.0891147624177265E-6
-3.63537564007565E-6
-3.508815601134805E-6
-3.6369501690614176E-6
-3.891746422796035E-6
-5.05092850680324E-6
-4.904738168148538E-6
-4.148958766658476E-6
-3.1693191372220155E-6
-2.0092157855933527E-6
-1.6410275248751595E-6
-1.0201451924971707E-6
-9.166891607359965E-7
-5.51144333436566E-7
-4.1642945417541614E-7
-1.1746254213160772E-7
3.927062535374543E-8
-2.4107148652000974E-8
4.839099665057282E-8
1.6537707982315256E-7
2.902059101568967E-7
3.682803059858944E-7
5.71339586585037E-7
8.262378450251384E-7
1.0550533541310685E-6
7.734370723103633E-7
1.9543483997093023E-7
-3.4272143028432253E-7
-1.447264096455212E-6
-2.4812490183474527E-6
-3.298048412280009E-6
-3.142812740962552E-6
-3.229616024178951E-6
-2.5424667572277953E-6
-2.2333441726242667E-6
-2.422304671334823E-6
-2.873430956230607E-6
-4.070062192971079E-6
-4.227909260486181E-6
-3.95090551685902E-6
-2.7290678230703674E-6
-1.7143562482064985E-6
-1.508970543645736E-6
-1.1880906414507036E-6
-8.466675845839273E-7
-5.427736483320851E-7
-3.0560954555800703E-7
-1.5091715154285786E-8
5.7582900720206494E-8
-4.680722626014933E-8
1.6506170480569235E-8
1.6362738466202687E-7
2.817300678875546E-7
4.2083729709855476E-7
4.80759499540759E-7
6.616496062293317E-7
8.221351033695446E-7
6.653497572081859E-7
4.18297979277435E-8
-7.159027809283334E-7
-1.935994600098127E-6
-2.6293806169350835E-6
-2.909972792153945E-6
-3.224991367693258E-6
-3.2287086775188222E-6
-2.1995212719156422E-6
-1.7406632291634533E-6
-1.5835296058852973E-6
-1.6977986035663175E-6
-2.4777922016106576E-6
-3.323969786168902E-6
-4.070983508310188E-6
-3.0629549961639957E-6
-1.696629369830647E-6
-1.7002704885489808E-6
-1.5732592473956092E-6
-7.629816551843885E-7
-3.621040162206968E-7
-1.029554594549342E-7
9.342263727308469E-8
6.585686904016427E-8
-4.457357548037071E-8
-2.1247411926171285E-8
9.404829099555344E-8
2.8481447041882426E-7
4.2605057871331896E-7
4.90477389211919E-7
5.896086533960318E-7
6.24681645203196E-7
4.646851562814333E-7
-4.535843858771429E-7
-1.5827102813565056E-6
-2.4690167143533185E-6
-3.209568247612536E-6
-3.180281382233513E-6
-3.2784400898067166E-6
-3.1135375988149212E-6
-2.153393477051795E-6
-1.148503048531237E-6
-3.7698208394848205E-7
6.37790512279821E-9
-1.1361561955143189E-6
-2.6733177902607157E-6
-3.672237640498473E-6
-2.8845786460500733E-6
-1.958017477213084E-6
-2.197662619869088E-6
-1.8505352905536413E-6
-8.88587339068695E-7
-3.1837603125383044E-7
-8.427848729193189E-8
1.388536753704221E-7
3.8471976330350924E-8
-7.708211820744573E-9
-2.2161827912858258E-8
6.839716384706035E-8
2.910611575881783E-7
3.1629489925854994E-7
3.8264143521190933E-7
4.6767149244115923E-7
1.0617612311465465E-7
-1.963413291753467E-7
-1.0512337243289778E-6
-1.981674490504343E-6
-2.9033784645222617E-6
-3.860594206591571E-6
-4.034354198608339E-6
-3.893896079724409E-6
-2.956684594408627E-6
-1.793796366747844E-6
-8.609556169283328E-7
3.709380883755904E-7
1.3922678375956765E-7
-1.5215282937656163E-6
-2.739423849730316E-6
-3.359866793095895E-6
-2.453510053850849E-6
-2.1852610124723146E-6
-2.6175016453844444E-6
-1.875335423547486E-6
-8.801249325578064E-7
-2.6431630297872445E-7
-8.49961920782849E-8
1.748790474735292E-7
7.250910084524287E-8
2.1532979195510917E-10
1.0624167069706418E-8
9.575804770967089E-8
2.3474758996347327E-7
1.5252426484326683E-7
2.394470868686043E-7
1.7781143124715495E-7
-4.680080397843853E-7
-8.639541103792286E-7
-1.57969124253881E-6
-2.342975841695051E-6
-2.992343388025038E-6
-4.355921065195473E-6
-5.07311739694182E-6
-4.533418695263846E-6
-3.1428508685322942E-6
-1.8299182287038862E-6
-1.032136246427513E-6
-1.8688914119903774E-7
-7.728796563475515E-7
-2.398064345802074E-6
-3.7409697826746953E-6
-3.806286914630688E-6
-2.7612504114916856E-6
-2.635759114841581E-6
-2.8750002378906186E-6
-1.719807922306604E-6
-6.549970491267283E-7
-1.1411900629721785E-7
7.836682690588734E-8
1.7469328411633234E-7
6.559772465133642E-8
9.908656924181101E-9
1.562507201410601E-8
7.731438512238133E-8
1.6982873807413233E-7
1.5269601295076192E-7
1.6678240888189806E-7
2.5663492517377605E-8
-6.419436946432233E-7
-1.076612414790325E-6
-1.728075345653606E-6
-2.7937745926630553E-6
-3.6565030780466516E-6
-4.606139156318482E-6
-5.418572499769389E-6
-4.703727648280367E-6
-3.4830890276543773E-6
-2.413466405535787E-6
-1.468638530052582E-6
-1.0426260801171247E-6
-2.571495743883481E-6
-3.7097328442602106E-6
-4.705645574010782E-6
-3.9101478127530185E-6
-3.2885188278644434E-6
-3.2363282774657875E-6
-2.9491905368787086E-6
-1.5088874694196189E-6
-4.545357408987241E-7
3.597128610947138E-8
2.3529589281829486E-7
1.936040673355212E-7
3.926798844328957E-8
4.1079391664590735E-9
-5.3704918556525436E-9
4.6462169008090886E-8
7.982026835079469E-8
7.772063139140445E-8
6.06827068123672E-8
-1.5823044904572956E-7
-7.120523109353475E-7
-1.188896040443106E-6
-1.802038090195732E-6
-2.485296078093886E-6
-3.641604604321839E-6
-4.598276553923979E-6
-4.6047643533286015E-6
-3.85833429945714E-6
-3.359299936146683E-6
-2.767542811867307E-6
-2.376426447139783E-6
-2.5296000483666573E-6
-3.791727911897182E-6
-4.36051793020762E-6
-4.8741430403524825E-6
-3.976059641567312E-6
-3.5800911391191534E-6
-3.454635783639001E-6
-2.356457703688033E-6
-9.869347066093855E-7
-2.560611936439269E-7
4.041880508689885E-9
3.220737664323434E-7
1.678176277408905E-7
4.915113889094872E-8
2.957557157029085E-8
-7.358472036250435E-9
2.5588869371208476E-8
4.510785176423454E-8
1.592580638602326E-8
-5.347766566872744E-9
-1.8816571696675544E-7
-4.836454372502218E-7
-9.921376251896323E-7
-1.5112916099904176E-6
-2.0420520833067465E-6
-3.008684308452329E-6
-3.72846257944466E-6
-4.212437933140928E-6
-3.6084944343060285E-6
-2.8855911836083533E-6
-3.2757561148885874E-6
-3.169360213204475E-6
-3.3875009996110776E-6
-3.901459340356414E-6
-4.15956704159256E-6
-4.54105877736812E-6
-4.042565302834421E-6
-3.4634688953832514E-6
-2.7577018165294613E-6
-1.4776781459032498E-6
-6.300250034767196E-7
-1.1227902088792067E-7
6.701282751582675E-8
3.0980448027572085E-7
1.4977132344842518E-7
4.092608375939425E-8
2.6804749790803095E-8
-2.4050660279557142E-8
-1.2707626218335842E-8
2.4628277317411925E-8
3.5716584088792996E-8
-1.0613998393594109E-7
-1.966624381945478E-7
-4.412472254680342E-7
-7.269511821553376E-7
-9.71762917597273E-7
-1.6281963780054629E-6
-2.320503433090437E-6
-2.487087645434517E-6
-3.1864959022647415E-6
-3.0900888650775476E-6
-2.500418650831895E-6
-2.7899522448248605E-6
-3.21422423810879E-6
-3.736018019826926E-6
-4.337733220085785E-6
-4.831029721992525E-6
-4.726701744749399E-6
-3.913797643630172E-6
-2.9534798635346566E-6
-1.8303518395996614E-6
-8.032826743727442E-7
-3.537849884612377E-7
1.7285771444190877E-8
9.149109372596592E-8
1.923158093227537E-7
1.246583110857293E-7
4.343825098992467E-8
3.076910091731578E-8
-1.6086083762145283E-8
-3.1082267902534722E-9
-1.6059289696096187E-8
-2.5813027758905025E-8
-1.1523678856541378E-7
-1.679694983948594E-7
-4.4263462741495423E-7
-7.966684141787435E-7
-8.294476654372788E-7
-1.1258861624609493E-6
-1.7295999370179946E-6
-1.880435126802125E-6
-2.194299095173385E-6
-1.979550199071471E-6
-1.812976773267776E-6
-2.3551240131546698E-6
-2.3733697870329405E-6
-3.1618161802148526E-6
-4.377866519298936E-6
-4.928387081995304E-6
-4.170429939783188E-6
-3.1224217788464523E-6
-2.2622685913906974E-6
-1.143916177281806E-6
-3.5999757973486853E-7
-2.1235978634588516E-7
9.318522254681579E-8
1.29282124346812E-7
1.9098634077641878E-7
1.0938826167921193E-7
4.6252683322726235E-8
-4.0044072302302955E-9
-4.945057023667176E-10
4.930091170820034E-9
3.6982950288486404E-8
-1.7280285863732726E-8
-1.0226702072565484E-7
-2.1658124285115887E-7
-4.0349980129227936E-7
-5.798405172606468E-7
-5.928413095015664E-7
-6.111485390933396E-7
-1.0975184871318724E-6
-1.3456332487368564E-6
-1.6834210980876907E-6
-1.7121290483451083E-6
-1.8384209835614732E-6
-2.4947861060916727E-6
-2.4246077257412254E-6
-2.8261651224070616E-6
-3.339858800813472E-6
-3.2036829358032955E-6
-2.697972064363502E-6
-2.2052871775112312E-6
-1.4510850663734706E-6
-6.998154646433872E-7
-3.2540166012114157E-7
-1.1535237752727727E-7
3.512594551713659E-8
1.9610379364340105E-7
2.3220509968072949E-7
9.900824023558208E-8
5.951511393939882E-8
-8.314963567468674E-9
-8.314963567468676E-19
-8.314963567468677E-29
1.0370287462867993E-8
-1.0329994471282283E-8
-8.231671955382828E-8
-1.692897445418573E-7
-2.3423410689449609E-7
-2.72344886073633E-7
-4.322620670657696E-7
-4.6409235347165005E-7
-5.159979340679375E-7
-6.184135858836585E-7
-8.138192800355583E-7
-1.0319408666934191E-6
-1.538536025918926E-6
-2.019758069072477E-6
-2.261338211335967E-6
-2.2468130410509385E-6
-2.461023224225123E-6
-2.248607710814605E-6
-2.050057211650849E-6
-1.491012434859784E-6
-8.592036762989903E-7
-4.7547093273972134E-7
-1.946781485494509E-7
-4.1050381965080825E-8
1.1467883256757948E-7
2.412883940055513E-7
2.2403234079804415E-7
1.0365095418124708E-7
5.1105949512456926E-8
-6.056271709053232E-9
1.9059950879562965E-9
1.9059950879562966E-19
-9.689194786408924E-11
6.341406795480647E-9
-2.6735375777985863E-8
-6.703967585165363E-8
-8.88948537947878E-8
-6.406594488298784E-8
-1.626044803219551E-7
-2.44966469528881E-7
-1.8756545026891694E-7
-1.9363020991636677E-8
-6.549320923301499E-8
-3.6441722580190904E-7
-8.453276301906611E-7
-1.2170430619235378E-6
-1.7075403809188043E-6
-1.5198688880647136E-6
-1.5169374532127726E-6
-1.3553687352388874E-6
-1.2551329014652247E-6
-8.456106105548258E-7
-5.356407488148173E-7
-2.411722912682283E-7
-8.030585860307423E-8
2.0890843185335214E-8
1.525936628178418E-7
1.798616485024094E-7
1.8740577160263066E-7
1.1241356329746063E-7
1.8984225114515065E-8
-1.2809145970384055E-8
9.036443570025715E-10
-9.951095139558304E-11
2.0238174199352888E-10
1.8536610325496687E-8
-2.8618215965020227E-8
-7.207335247646259E-8
-5.25157770775288E-8
-1.1024417803787218E-9
-3.045196927311842E-8
-1.0312733083084944E-7
-2.7975001571560026E-8
1.0538989123078282E-8
-2.8131846204443023E-8
-3.289566275018444E-7
-6.052211870920484E-7
-6.670804380970593E-7
-4.719643652670531E-7
-5.66687320958065E-7
-7.293290573386383E-7
-7.69097533962984E-7
-6.046437979533776E-7
-5.718162022624585E-7
-3.6060726860564104E-7
-7.986423707789685E-8
3.0784913816222577E-8
8.481119015546942E-8
1.026628409652657E-7
1.3377998020061462E-7
1.796962689025311E-7
1.0836184427151177E-7
8.324479952928531E-9
-1.9565986377423753E-8
-1.6865895613315054E-9
-2.8858175932611353E-9
-2.8858175932611353E-19
1.055310599033535E-9
-2.896921377071511E-8
-5.2360897393914245E-8
-5.400910161201343E-8
-1.4603763765576057E-8
-1.1187759747142686E-8
-2.3888820953771578E-8
3.2727318524473833E-9
-5.337536032303892E-8
-1.1955425225990407E-7
-1.9990072942951805E-7
-3.2813277219058756E-7
-3.478974118380077E-7
-3.4047045421809207E-7
-3.508670481424038E-7
-4.1340953307728783E-7
-3.39396572608732E-7
-3.18800522725011E-7
-3.420312155227915E-7
-2.152857892942856E-7
7.047753433672634E-8
1.2716858881156043E-7
7.625874568914026E-8
3.612685839553367E-8
1.0495964674176876E-7
1.308253319802217E-7
6.750606860542096E-8
-1.2856992588698742E-9
-3.225644831763465E-8
-7.807866708972931E-9
-9.600966532121056E-11
-9.600966532121056E-21
-2.282783823007487E-9
-1.6597494282713874E-8
-2.5444494881591314E-8
-2.166747131010958E-8
-1.5816986292095405E-8
-3.5159739169957635E-8
-4.5467588698950685E-8
-3.568853229550173E-8
-3.5470882007957566E-8
-3.6054118213641566E-8
-6.180621165880068E-8
-6.284629319903946E-8
-9.034750072648303E-8
-9.99204194468031E-8
-1.1129277773729083E-7
-9.254065680635073E-8
-9.047618496136285E-8
-1.3146643917961815E-7
-1.3017382063457913E-7
-5.4874719376255615E-8
1.132350305803491E-7
9.693974576878524E-8
1.4168148188059202E-8
2.8558117844243344E-8
7.367143470631326E-8
9.45634289724661E-8
5.167104309242143E-8
-7.750071083837044E-9
-4.1584576925127276E-8
-3.661393392871132E-8
-3.317809812881872E-8
-2.942249171446677E-8
-2.1881378422383597E-8
-3.0908837330801035E-8
-2.8672069194891524E-8
-2.4699289713641753E-8
-2.9259120435283875E-8
-2.8042441702345174E-8
-6.499323964415206E-10
-1.1603390181339216E-8
-2.0010549882016058E-8
-2.6612810371221467E-8
-3.5133266979696524E-8
-6.831175642021447E-8
-6.320970190110364E-8
-7.274356936053918E-8
-5.711372048296214E-8
-2.313881401548884E-8
-8.982962122760432E-9
3.4660319703063816E-8
-1.7027217336151342E-8
-1.515816598700272E-8
2.704066242712624E-8
2.888459970347032E-8
-7.565886248251576E-9
-2.3420705256206242E-9
5.603058122553365E-8
1.0871376725603631E-7
3.4955604815457754E-8
-2.8934039333655048E-8
-1.1338385965238661E-7
